88267
368393
185226
197556
349229
246322
360898
92419
232601
67984
282198
192927
343679
349118
105164
314883
103061
329985
89641
284434
377192
289881
260200
251123
241230
479871
315407
184633
78004
230328
164766
213016
426521
89770
517140
232411
270852
143397
281169
361567
73611
179382
69070
171217
355744
176255
265491
148363
169540
117829
65564
65765
65584
65949
65778
65614
65664
65551
65798
65750
65950
65662
65542
65683
65896
65898
65547
65617
65663
65847
65871
65769
65769
66056
65614
65930
65721
65869
65580
65610
65581
65643
65684
65562
65934
65646
65815
65548
65708
65680
65660
65572
65791
65759
65547
65612
65668
65863
65593
66010
31999
34377
20046
33501
46689
12704
15922
43428
24032
26132
47188
5798
21787
41431
45224
26474
28784
49620
60186
41998
37498
41961
28980
33797
59961
51165
26551
60346
5724
42686
60369
39545
35750
46058
15704
39764
35015
21328
33624
29574
20012
23215
29258
50245
28373
8917
43569
52949
32690
17142
14194
55006
7831
35622
25689
43257
28286
18716
17792
29206
42719
33697
46402
39523
24678
20209
29013
23823
33753
11667
38186
34858
2774
33337
56342
19131
43729
51056
27924
41045
43686
30702
32201
34982
45028
47860
54174
46553
38392
31174
42536
29149
63426
35318
38230
49494
20807
60847
30373
51128
27981
11443
49699
41191
39317
60417
53902
6219
16323
48333
12345
27868
30940
18644
35062
37018
35294
39320
47905
57897
42640
47771
32066
27165
24550
2880
42478
25560
29138
31375
18232
26327
30127
38955
29732
22083
29200
37771
46227
31217
35875
50797
46587
10895
47041
19399
37235
14803
49525
33294
102016
440363
77898
81077
141913
343901
217809
263213
362662
463066
291480
157709
149412
492176
332500
231328
374923
186248
94635
219443
423897
93405
196402
108482
137134
392842
363900
234780
410986
469493
110680
420692
178360
232872
183078
221922
86786
167377
150786
138965
315718
83014
216529
211101
241862
77089
209098
173563
149504
240088
50556
22067
52521
48664
31863
19149
41649
57611
37071
23172
15194
38439
6414
41128
17933
35987
33480
18578
24711
56943
30789
44503
11534
38563
33690
25956
34985
47187
23624
46422
61402
5075
44709
28841
21715
19180
19949
20096
32419
4405
29963
48607
18621
41037
27277
5457
21579
60957
31492
27315
376718
194529
133454
171977
262894
467681
390533
118448
173312
366096
76146
261495
212669
105158
111180
366669
275314
232888
372731
179624
262912
509425
131059
322211
391055
304078
89737
272922
287533
236227
132856
417126
278540
210076
370497
263973
275428
252019
161117
100826
166905
296755
289203
359902
296215
409465
252988
485163
283092
122366
25064
56490
11765
21200
41130
34787
55733
24888
27489
15097
31937
17210
41144
28186
26759
44226
19590
28901
31443
34575
1460
34826
21845
45067
32552
22187
38154
35509
43274
28007
49528
13865
31160
11656
36311
39677
12770
50603
65154
55913
2487
27881
52491
31988
28503
33474
24151
40735
11309
44637
45337
45900
14368
34872
8306
17727
25857
18898
26537
25919
47134
48733
20687
49378
11429
6747
37530
27134
31032
35302
24112
63631
61327
35426
6513
7568
43712
59411
36272
3456
30793
49575
10929
30979
32160
51743
14899
6731
28140
53316
33304
49239
44843
27929
30551
36836
34522
26219
4691
25777
466
543
550
627
676
405
314
695
571
269
118
194
150
284
582
284
454
568
612
30
63
269
442
362
313
553
420
582
362
158
772
506
768
185
444
663
223
374
346
358
155
148
655
504
720
169
475
346
485
345
65540
65636
65772
65658
65927
65690
65859
65652
66115
65680
65773
65619
65755
66167
65548
65645
65628
65638
65618
65865
66238
65629
65635
65546
65823
65582
65688
65589
65561
65710
65806
65878
65758
65680
65580
65701
65731
65693
66053
65850
65685
65869
65626
65590
65950
65548
65936
65696
65752
65610
30072
15892
51147
41912
24133
16832
52165
41406
38495
27434
37041
55022
22091
22148
24930
47422
36234
13635
17652
49307
23423
36056
40227
15211
35508
29005
50520
13985
47935
6738
33984
38041
40901
33884
37035
42988
30467
11497
39594
52277
37394
47296
36316
36890
46355
1411
28401
28372
40151
53759
25225
19861
50310
52881
29739
53512
38112
42146
10267
12169
19182
6639
12161
44773
34978
44129
27092
16411
49646
57216
48322
36565
36128
35450
28967
49055
37399
45114
47915
34159
16157
45370
30992
43986
24604
35859
36288
16268
18881
13032
23950
5503
2396
18181
36481
25765
32847
11175
17595
30712
42286
31558
20963
29444
37168
16721
16082
31327
10531
33623
19916
28882
9439
60621
24633
51415
45989
61205
44037
42943
9388
30310
20722
52355
36775
28057
31212
8263
33275
36860
50393
33521
34640
33465
27569
40935
37918
40332
42219
23989
29202
47507
58315
32939
21249
8883
39258
54609
21467
36085
38763
50614
36024
39970
23629
10737
17578
4399
17964
28582
56723
64446
26748
35902
28916
41811
15452
42531
40133
25272
35871
38906
47934
46214
42133
29491
55645
20449
24549
34148
21809
44043
30630
28025
49006
37823
7340
32413
46571
27090
37571
25883
22980
41496
52628
52566
47345
7333
26183
49558
28818
40849
42334
8715
32718
7144
35855
52647
10558
36255
49901
22888
19281
58579
44168
26304
26962
43455
17806
8814
5130
34405
54721
43880
55490
62620
33176
53802
13956
54570
22906
23260
19110
26817
33838
36345
50653
40298
18383
36485
33188
41601
33030
44273
24239
29988
2307
3930
30785
23408
33083
64409
19263
3502
20382
52205
46049
49858
37463
51175
39377
28856
62133
40118
41056
21365
61645
50329
9130
35096
30830
44931
30067
43823
52314
62847
41313
23916
45152
37461
39187
25896
27369
41740
20376
55621
12100
30555
49388
45328
39277
41642
40226
14442
34220
17075
44876
34598
45976
10014
142977
277945
174336
84297
171719
167092
388328
186690
416500
294357
100504
139917
352268
251661
251873
225619
136734
154633
429698
191289
168515
313517
214703
280523
221039
123029
146994
107453
410093
407510
259258
98429
249673
231343
88161
225815
260698
247861
298609
186416
433115
142043
265177
200066
289886
232090
106268
205831
257641
257713
15622
38565
51476
20082
10293
45304
24976
36507
51257
56167
24513
18290
30038
42102
35725
34731
26551
25282
30152
2659
16694
33788
27082
33287
46227
21040
14835
36675
26510
45516
23616
23099
20865
16399
55263
20910
57919
24533
28337
46899
48117
25892
33495
25528
56843
39077
43372
27818
53982
54512
421594
190309
340763
136596
258618
403942
219976
71056
170815
230251
468595
414423
165422
339462
242279
125115
136326
477444
123075
196219
324430
167745
189572
186119
240376
166819
215338
166147
323029
327326
126877
146578
161845
149973
278023
265837
111168
359672
352679
276586
338866
373628
217961
167239
96074
309542
85795
269586
302943
439316
148596
318604
275531
214984
165604
343241
309274
396598
285829
202128
289225
180766
406732
281291
117928
465786
264639
129187
182076
204532
372561
237022
249320
150180
514208
303510
385465
89052
185055
93647
202406
448260
346316
157223
204242
262095
446144
102244
98298
239636
226583
157906
306950
143137
167048
269135
205038
318881
229336
371299
3021
39337
47569
14920
47360
57327
51976
35505
31718
12254
36751
41028
41476
40908
44821
13786
9592
54139
41791
35739
48432
35111
46411
20493
7852
49121
37495
43871
3608
39972
28832
37435
35785
36763
59488
38272
37648
27046
50223
61513
37307
50773
23093
35478
30783
41995
5938
21717
9181
26205
42004
31192
38724
46393
38728
40401
32618
18310
41986
18280
33810
49252
48653
35557
44840
27981
21769
10440
34247
42398
44118
14197
31487
45398
28602
35017
16946
36125
28083
5496
43594
54531
61257
54351
7531
39343
12455
28598
48513
43382
9898
45464
50558
23623
16913
31352
36560
39091
32410
64911
13576
53727
58083
28569
59990
25515
11829
49715
29545
32575
64384
25049
30150
36955
13603
27099
28776
65229
38589
29595
59158
43198
22551
47081
49578
19401
50280
22950
45703
36101
26493
7921
28012
18451
41587
13172
58155
31527
18820
53097
21928
5047
15790
9585
42945
27449
46800
26997
20524
44141
707
551
586
490
513
365
230
537
245
16
177
378
213
647
172
8
184
185
599
672
417
821
262
398
296
583
623
342
396
186
396
565
97
576
525
496
350
97
230
491
581
289
237
356
630
304
6
181
124
457
196082
365258
156814
168145
267313
233767
442780
162510
226192
98541
276983
395536
121130
462230
295576
370242
254122
235584
340319
521313
303564
346703
394004
477140
163278
131698
244788
269288
206911
116122
276223
257415
382952
210682
167863
358669
143879
274462
444332
469669
285585
264281
328864
234168
317837
348196
523535
520644
220836
278130
44961
43686
28338
61000
23945
64133
40586
34347
30836
37936
31386
39440
19424
27755
47840
24429
37492
38707
11579
16997
45830
47854
36953
8176
44144
43150
49849
42778
46368
21944
47375
20393
45341
19926
22685
30981
27939
53897
34629
41826
50234
20615
25581
49527
50417
25075
14869
39982
40917
51839
65666
65586
65739
65955
66054
66042
66017
65594
65700
65860
65867
65572
65725
65772
65684
65789
65729
65869
65537
65639
65565
65577
65617
65802
65682
65801
65745
65918
65936
65655
65998
65701
65951
66121
65848
65538
65883
65971
65831
65557
65541
65774
65576
65785
65590
65732
65893
65642
65761
65656
105193
79132
360546
225641
398666
282538
69855
448988
383856
268022
82437
346970
214213
127981
245339
187364
124663
343978
253122
228928
119775
322845
174247
316769
311957
285200
252447
68598
287377
379677
97578
135402
430494
149473
437643
133963
165915
235277
164386
383853
134542
474624
325708
299971
293196
196452
285264
135422
195620
220538
33810
20652
12982
45054
36920
31307
64381
36804
44892
40006
47074
42108
11387
17159
37317
8075
4301
39602
38215
30791
28947
22255
43832
26245
40273
27330
30288
31835
30901
38546
14807
41169
26764
5483
28952
60729
58421
32172
32425
23664
30112
31414
45993
15743
51992
47279
16958
48682
27595
37809
26526
53959
31006
43990
46589
56792
36268
28542
43241
31962
39915
32682
32275
38335
53316
22388
15320
25569
44676
30639
24654
27463
20787
15044
20109
20848
31194
41982
14300
24337
35335
33829
27583
50860
6226
26768
30575
39820
56902
18972
51013
24349
41124
54687
31083
24066
35316
56066
21181
46030
328801
209528
440365
134321
82945
158223
267839
377619
189677
309498
245253
400853
332306
107606
159233
471865
84630
519311
320769
224409
332097
301741
383440
196218
280327
130020
268661
204744
264788
309384
377704
273950
229725
162016
165538
116440
80349
83251
244642
249265
143108
88350
428039
331429
301192
215350
133992
157227
75338
176842
227736
131910
254583
207221
234099
205897
389291
182817
126972
183103
200633
225198
348025
334886
449178
238573
242470
161864
171072
265821
143863
230412
350813
201701
388561
145785
129194
315722
114456
330373
112765
172912
272184
160726
355968
230606
201314
440864
324292
281458
355675
87928
196514
216232
185704
236425
236262
385344
141065
148413
244355
201800
210039
482463
350825
333273
359556
254892
112564
162294
389030
90683
102991
168048
196978
453807
287767
390608
268031
118516
220294
228296
318909
235029
456531
419177
122633
165178
119680
98729
193176
137913
276488
300968
180903
490831
188536
301869
280733
477047
350149
128566
90710
290539
164683
148371
347934
232801
259319
276699
401472
276438
466563
190705
106426
231416
86605
150141
131741
274295
216971
272297
214233
89815
89172
355957
186474
378704
105537
216485
352374
267974
333321
180271
134737
106966
75170
125410
217006
328283
157265
129439
459319
252440
205427
78887
221341
299827
72373
159531
435393
154984
337885
151319
151723
114399
160628
113224
116830
254255
485961
447010
520389
151010
245053
94936
145310
153606
353457
465049
449323
124370
142791
145840
492060
223059
173954
168886
179088
205239
166926
406629
489422
299436
229749
468917
168587
286705
224489
183982
469959
242221
278997
179504
113281
320454
330169
128672
351639
82927
245982
160878
224487
377078
235406
267395
84559
238727
480993
115493
45592
44532
39540
44421
36427
24418
40809
51217
10915
40147
54938
19146
30004
34869
61604
21736
11960
36287
12318
14734
6911
7703
17482
46282
37530
40379
31021
39018
28896
39402
27548
23872
19179
50202
36415
49413
25563
20392
60509
43790
1499
51740
24413
41885
18662
19980
56792
28697
35560
37506
311801
255764
456662
157623
300584
394446
198621
174834
329216
188141
104184
136187
141608
253496
226997
142079
231277
138709
399432
274620
301279
519899
424225
282943
397554
198912
319620
329301
222828
202684
397146
297771
75426
187464
350947
310458
460036
156117
391703
181483
468300
421990
297868
325326
117089
239826
430073
220183
234439
182282
88647
121986
233447
213120
188759
342853
89446
373719
170873
254073
82356
189483
423689
135648
466959
109276
446482
190432
103137
294934
272200
86251
212094
487840
335264
87190
418807
278306
144352
149399
129610
183102
309692
159250
288812
387628
160277
183291
168178
138072
386138
144223
323231
70030
508295
161804
246753
152988
98101
101749
8747
28729
32748
46064
14347
56083
64398
31517
38250
40490
18806
58542
6214
9833
34323
34442
15761
61833
34818
36825
48017
44224
34023
35326
12658
4252
32040
17905
18310
45128
27667
22270
45470
13807
31843
37529
54410
42093
28649
45927
26172
22155
38195
16331
19111
44984
16891
31765
46017
24992
322984
147759
100739
161556
390855
109374
272107
222608
115248
238072
197836
107904
288172
359713
336558
349470
321108
67796
150678
119501
106862
264324
83376
84199
91150
468324
162460
249758
209792
141003
222504
160373
247258
260495
200591
225875
258033
357075
340776
323152
403353
239460
355494
359743
261259
193847
381129
230772
229534
90787
333289
240929
273708
259105
110310
168686
486901
135575
214374
155900
267206
480087
339279
516303
363101
365228
327647
427293
215557
384995
522090
270205
247752
83773
309797
219054
208275
364350
385365
205658
109010
306380
166601
275217
202646
324821
377942
121454
73949
136105
314963
246735
139273
136974
175422
509322
123334
179750
176870
199515
8595
53318
61402
21290
57564
36825
11247
34023
15234
48079
10629
27524
40202
18554
21552
35084
26976
41716
60500
37595
21544
25316
19908
49131
42276
41042
64498
23796
5852
42188
9262
13150
50037
42904
53500
26846
40719
45605
59550
19165
42259
53694
17337
35587
48164
17875
27092
45502
15277
49459
85902
409273
308651
253511
184827
377928
337150
263790
446564
160583
143037
389647
406630
103221
194210
261100
271024
306142
169787
165125
137693
130209
179646
231199
212603
236873
181525
97597
333438
117112
239885
280330
267971
337183
154108
148480
326568
306718
402691
225464
258073
272959
165000
92384
82893
140380
435200
97103
300974
99132
169339
118779
257213
251838
178633
237551
209673
200072
96956
289314
74469
276376
293713
371912
94121
210703
120162
333761
208032
250432
383164
175946
157785
304603
72124
88494
281753
423226
116573
273764
240783
140618
255757
185784
164913
243767
249392
177257
465558
286940
218803
193091
350651
69392
281104
160620
349960
432057
457775
418452
305783
482644
115780
317594
206587
214197
238452
73250
148232
418858
151503
155098
137925
140346
186470
250157
519235
103709
347529
259904
285409
263732
265527
252387
492827
151229
437071
382945
236333
195550
340165
214377
230003
106367
129095
79908
227373
264724
143376
187411
318481
277329
124557
210960
113540
451993
215368
323302
486277
351361
251852
144326
494460
349283
519466
361913
237124
226566
403573
144589
374024
260384
366779
82426
219446
88885
408492
320862
303861
275777
193990
110019
386827
207543
213319
326309
318005
72988
188594
211390
513477
481080
73247
119333
126034
73913
90131
278827
431782
179497
381308
206621
387659
220924
253943
72055
227568
186382
285057
74696
442680
141412
239955
269039
240476
244441
154110
149925
71651
276426
151959
198181
180810
205078
280035
301674
209527
477291
341685
264339
342565
151343
84789
123319
403477
218797
265061
151879
200950
408700
263089
130279
432057
319105
151219
93969
166423
412583
121438
280888
216245
116948
242574
151517
161695
263727
275842
242283
210054
347369
65924
65588
65670
66001
65931
65863
65588
66061
65575
65550
65925
66223
65945
66213
65581
65929
65700
65832
66064
66117
65952
65694
65573
65676
65693
65549
65626
65607
65868
65966
65827
65748
65662
65581
65837
65798
65720
65577
65889
66062
65698
66026
65906
65962
66009
65668
65571
65645
65608
65618
354600
363557
239610
110287
249416
258708
137330
91167
312285
405440
253613
130040
72910
108207
464196
288834
114596
342141
157341
133156
350841
340179
297313
121531
248525
365948
520663
169772
384330
128707
251371
326739
315337
145606
334738
440057
130576
309497
271329
228636
238382
440558
251913
368618
156909
344847
82897
200991
428781
187288
26048
22905
32846
61596
6961
20369
46819
18865
51811
47086
29733
46532
41754
37276
21435
27893
27802
15334
6615
30521
25373
40096
39563
23338
45466
15562
37179
34040
47761
37788
14887
20705
46351
62588
7640
24522
31781
25220
37841
44214
55105
16768
33828
20225
27891
18912
8968
11180
53145
56333
36723
55228
40869
25256
23164
33986
14562
30030
55586
16084
14342
18984
37041
46066
40936
17922
42693
14553
25777
59076
28214
36526
46277
19830
36213
49338
38725
32532
20067
28459
6359
35170
41635
5461
15017
29778
8223
25265
41224
25296
35845
47229
25016
58510
47551
12821
25396
35548
49147
14623
279605
224405
364192
373956
201112
210257
253767
243092
263686
103516
264127
181683
420386
173587
169863
202480
253108
395377
144656
147005
185610
172992
231679
396907
132910
110189
256488
376227
205007
295570
510431
325574
237887
146186
186656
157290
259178
386928
128386
88879
481907
325794
337801
246485
371867
401069
237185
318133
380119
144209
44757
37478
22283
34693
5480
32599
14860
42878
56177
22788
19392
37361
39786
8395
46428
59152
45284
59470
49810
21820
63157
36145
27282
48409
6915
59157
12924
19668
29848
37397
32634
42718
20487
19233
31180
59252
25671
54113
25207
31219
35779
28590
26819
34876
20214
16209
13881
21899
13565
43356
40817
35429
38314
31191
45559
7305
17677
12050
27137
22371
44822
28780
34426
37048
57585
10591
11783
29258
36719
26529
36857
13916
53510
36662
44973
33078
25463
60015
24681
35644
28385
48007
35378
38397
11413
23230
30047
39118
25444
24691
62731
19830
44647
4132
47011
25596
56490
41523
3624
23728
29943
46012
28730
38584
42505
53989
32898
32092
19140
21542
30877
34945
42205
60015
39150
56129
19481
18154
34420
40478
17907
42561
17816
56906
38719
31904
64969
32993
39951
17225
23207
22429
38743
22812
31688
52378
28160
15156
28222
23984
51507
31188
32903
20055
34186
25722
12990
26777
44433
34041
28454
35131
21009
14108
48400
30200
9218
44435
6525
47314
13921
45871
14343
26224
38833
28692
37778
4885
15778
20233
49564
44820
53574
34315
18642
39540
38655
22419
18971
32555
21856
8127
55701
37440
32310
45996
36740
50077
35729
31778
53786
28342
41801
17634
34429
23306
23111
9975
40208
56190
45649
26731
6431
23912
5808
36262
28803
35686
22786
22480
33806
5009
48835
29010
41117
36663
33685
27683
42544
26245
6985
34192
46279
29460
43072
42393
42844
50284
35641
43951
41684
40255
31830
21752
22743
44238
25508
39489
51245
43397
20662
21439
22543
49421
45308
58871
27387
17391
29171
60138
38022
44150
26231
34551
40505
42072
46651
45158
48152
12554
36065
52747
30344
50430
12357
29492
23971
52595
32896
50853
34323
36216
15318
39824
58268
19226
42415
25969
10615
19356
30342
21277
32225
25078
31015
45406
46953
35256
39378
16079
38607
16220
60018
16623
23693
62200
30104
25086
24619
31921
216409
468899
109103
304392
301502
126542
86095
380092
471851
198660
179530
165816
170322
211765
110542
234664
214390
464547
267734
108694
210037
343479
140457
250647
126824
477957
391149
206284
194723
266823
207376
409433
401437
178152
221337
269377
218351
223351
128503
343554
164587
261445
119878
176531
152788
109404
230036
321409
145684
359296
189869
383808
374379
94257
481512
401000
156768
109672
238457
173493
174369
230656
108625
231202
351792
449239
221694
239302
239033
293959
164473
129365
395480
109649
153950
187425
224608
263653
278983
185795
215141
358571
263209
204056
157182
143502
398804
211798
418830
270978
305795
362299
108450
306237
149830
92542
180693
156183
222673
223849
232315
104489
339316
285880
375826
169023
335371
176291
289765
127695
361384
148933
158560
373709
333013
265832
285914
431829
266596
407360
400501
141259
523707
226089
168440
496550
248463
261052
273411
233720
430244
220718
173840
71001
129513
327625
87121
213026
188113
272382
520579
94074
105488
68350
446354
201680
410778
348474
465602
304494
128898
128669
202418
195551
305514
395312
204699
224428
242409
409662
411122
208905
510356
171705
82545
324496
224892
172844
111059
427444
316195
277736
82757
405352
392688
230583
265766
188739
243177
68280
248676
89172
166779
303527
94566
302430
274727
403950
333567
82340
341797
236615
365865
331192
235932
320005
432092
286168
220821
484469
412
503
311
610
795
679
247
368
241
473
549
389
596
108
803
292
234
232
511
283
194
151
640
90
307
551
591
754
455
482
221
326
111
353
751
673
299
469
466
190
388
465
362
414
298
90
177
243
250
386
409778
292665
383470
279638
251918
393434
429895
146893
140578
305949
139830
117631
392324
125820
384361
279175
251168
348089
199325
306115
317197
461786
94568
156196
385154
174703
476093
486081
258544
210388
86326
276620
199649
229563
384484
126081
374768
122129
176914
326415
206380
265170
193431
221513
402896
385331
452622
292235
442788
248978
36446
39823
44264
19911
19850
22943
17168
38259
29897
57996
27526
39235
25601
15653
15642
61266
21717
19932
31371
35850
34554
8633
33330
50499
20779
43336
33336
35818
57908
28290
31952
47784
62083
24756
17645
49174
24423
28741
27298
21833
22540
34920
53629
32609
37278
18281
35537
30139
12315
60698
252088
214591
153310
180292
314222
233386
422015
226757
219936
207540
128645
167529
296977
248877
358385
116123
104813
330982
310475
417823
205453
210723
183536
230179
393202
287858
340369
291870
97211
199938
231780
312304
350258
189626
475250
207634
489617
463969
204391
376554
121550
455560
191909
75103
468597
161357
109118
203191
253774
94160
230152
304141
93806
276116
307415
258333
399552
176952
305369
483261
337677
103097
249930
211483
247556
440761
220743
182243
150123
282085
176199
380840
105471
230194
249618
210756
206187
86982
279786
254535
254738
499179
485492
458182
309597
338556
231349
201623
371709
130777
181346
183764
81320
326907
278896
245118
191730
119400
425858
168545
215
274
561
655
332
85
582
610
388
243
438
192
592
262
101
199
531
385
397
392
206
303
673
270
277
372
305
282
429
368
373
599
316
494
405
584
265
519
373
345
600
249
489
154
639
452
518
257
401
255
16880
57249
38019
22899
52735
33342
29733
36180
47761
48993
13707
52331
46658
36959
8013
26687
54038
42918
61061
11292
29771
24575
20396
48734
5902
34046
45015
55398
36800
27846
24737
58842
33082
49068
11132
18416
42080
20355
10947
57497
19326
38979
18685
30200
45562
10687
60886
38101
53438
17571
467543
230943
197087
108998
272110
253277
127794
262487
86271
246791
383086
373094
126646
164233
257358
286181
239352
159925
226980
118394
171795
269635
290822
223328
170066
196474
275562
517370
375063
459030
188344
387704
352091
187327
367253
303108
182433
278836
289196
200424
292881
338414
180363
171649
227942
92040
198380
152668
424080
360550
426123
96072
243942
229930
402916
269247
111865
118519
180243
330004
243061
318402
95941
336876
135508
75399
378873
221949
239912
166987
183257
178872
374785
108987
111099
188658
109784
185067
269866
419208
518485
492435
343408
485365
285738
324014
177814
247396
241590
244443
169339
453537
175476
350922
413219
180061
415618
228199
131958
234704
42551
40470
9633
18316
20424
35141
22612
27101
18056
30102
36449
24957
32011
23873
36973
22042
47283
37488
62495
39422
53340
8412
34557
16844
48719
20845
37060
22935
28325
42044
40273
62756
30926
46654
36048
51419
20242
36298
28013
2358
24553
61089
45992
30012
29345
39630
55074
46257
54230
33415
19265
32647
57477
2222
35688
44982
16059
50782
12180
17576
36603
52733
45742
61147
23920
41579
19280
34488
20838
42610
31395
23049
40288
15837
26631
48202
37917
9937
19175
40545
28657
20089
23017
38407
15152
39695
53189
32023
40639
50328
22498
58642
38243
17626
39576
24966
12926
44300
51517
37778
158321
244303
147354
223712
216471
163692
407509
432274
229273
250181
262267
282881
245059
220910
137689
470442
282222
240686
244438
285423
128656
190695
123697
186466
121714
156313
205014
128523
79107
423359
153992
342167
239232
179898
180252
292148
240817
128653
196081
242596
67625
211422
326938
108970
127940
304870
138442
90824
304475
271434
16491
48470
22029
27738
41126
15189
37414
37065
42111
22505
51948
43972
34515
56590
32676
45739
5062
38545
43776
8976
38849
30559
34891
52454
11047
46369
21088
17534
19411
39200
35313
46309
46726
26237
29189
22160
14528
5466
32303
26248
33231
60010
33194
14277
30101
44868
32695
32378
37831
48961
405786
364396
372668
315429
225752
233990
68381
380915
303137
327151
436462
377462
205047
112969
304177
164439
178443
197248
299201
425438
139518
460849
170345
191104
139710
313546
399105
428024
101883
204305
331446
291850
483052
377099
360185
191938
78984
213100
77440
135386
301958
103015
93678
187204
508719
136814
323616
190259
394696
342376
10355
23933
32874
27140
19742
35690
36084
40008
41267
44100
17881
35284
18384
42249
31679
59314
44799
44333
34862
41421
32490
35665
45020
6645
16786
31175
62711
16587
45426
3456
15540
33372
37456
12588
26731
37165
1519
9168
18099
24068
40098
13270
35326
24453
23781
33442
55651
37121
18204
39577
75709
120100
104216
389484
319733
206385
174139
81370
380309
147726
84614
289809
122562
235466
109933
194243
265118
373092
294678
143155
470734
476655
504561
174263
295385
272637
106494
94965
274265
307702
202375
162810
239700
155427
324054
124851
180274
90382
223448
117776
103327
163396
199839
184051
291226
229260
156354
120609
319783
184612
65661
65713
65545
65677
65548
65546
65832
65850
65744
65694
66110
65788
65570
65848
65766
65726
65648
65620
65669
65580
65765
65768
65964
65952
65812
65659
65816
66024
65708
65774
65573
65624
65748
65759
65703
65688
65720
65779
65631
65636
65589
65901
65572
65775
65608
65633
65735
65746
65614
65730
365251
136310
144921
251030
183816
407637
426837
175858
232011
224859
128302
277298
300554
223412
507981
257416
217627
130155
132133
97538
106330
229542
165200
152140
446698
372625
117798
383431
208741
301332
156120
414996
279211
115834
89467
252002
256150
120692
278289
210685
522000
310228
220525
190156
308986
295171
452460
209920
72088
233844
315425
110430
112685
278605
234588
280841
175690
266404
75536
243015
242912
199150
184890
80800
222702
109858
349681
296787
220582
158493
323431
424102
121964
368779
69811
453138
353903
185964
153304
145758
195872
253863
225239
242618
219372
89694
237198
153402
273451
413254
278065
102869
125340
222646
369640
220357
309066
80550
372197
309498
104227
106301
289696
103123
152338
265644
507172
443256
180397
422623
215361
133742
403361
240296
454677
160904
203362
297024
419327
158095
508286
315558
204598
456917
349090
200724
227094
297205
406074
237183
323756
375045
305725
263072
155677
445421
360533
229855
141771
112730
273343
168745
100092
290458
335338
448888
394050
84282
452735
364180
40809
6274
41472
27130
34993
30032
26862
47822
34590
34224
26083
40413
44487
39529
41810
10033
6555
19336
40796
53286
25775
59446
22686
43127
4729
35486
25833
51353
19803
40217
39950
36004
19281
12028
51759
31700
20645
45415
31933
32806
8029
25988
7332
4043
47745
9491
11696
15958
35380
52878
65839
65903
65672
65696
65565
65573
65691
66058
65896
65944
65647
65758
65578
66128
65555
65648
65732
65542
66013
65754
65614
65599
65655
65805
65544
65625
65758
65660
65658
65581
65584
65697
66006
65542
65910
65884
65767
65623
65845
65718
66043
65560
65733
65799
65789
65751
65713
65801
65717
65593
119859
415242
384873
144755
246086
202754
419756
381528
223477
110354
258300
205698
386587
493979
398438
196799
253899
110933
199466
289855
226545
174510
413374
497605
309833
394408
205417
140777
376442
412810
515791
487450
248886
109685
332014
316628
341426
206272
184665
206207
135579
270928
227585
314029
404258
100459
122305
263780
101182
425991
95344
484163
325523
156444
223470
171921
225292
197597
503005
347144
366385
434410
269489
200891
117731
192739
399546
318395
256384
197415
372352
142309
338773
263859
295128
163679
190582
73925
379880
192527
124150
151365
129387
330369
207371
331565
163866
141803
178376
156040
415316
340711
175564
468851
155418
520114
318376
412947
210018
172481
168675
93109
93427
226854
473770
222262
156757
108844
182756
438972
326638
231167
341114
382683
353969
305896
193784
234352
132766
478040
253956
201669
272275
154088
363328
196430
85738
76395
93423
226899
460237
118805
224019
292384
236248
413977
333495
184388
171275
492001
238003
324613
257656
153625
247387
219929
434197
167497
172890
297838
183987
155824
223227
157802
247071
242080
334188
136753
124669
360835
122540
316435
95665
377238
228934
475177
508137
309613
259763
84295
201764
471814
461111
91120
109109
187105
250236
185934
149483
73630
343942
198122
123382
467607
168386
362114
78713
105202
98542
514316
93755
284463
268712
119621
70476
87122
130822
124260
253032
266631
23024
18565
36391
41063
10777
12672
15599
57561
19752
20143
32215
29842
22154
34995
61791
37346
36318
41651
17490
14287
39988
30987
11577
43397
24904
23294
43919
41455
34643
56271
20667
45635
28423
52975
55648
38553
18618
36348
27547
16701
43558
20515
34194
20054
22289
26400
21926
41515
10172
8860
285279
128093
453241
184668
237191
138261
198633
186028
211956
290155
240148
151082
437493
440933
104395
282061
157318
479384
297658
195663
188411
87140
487726
78406
216179
156286
432589
130418
233037
418671
116074
158770
190845
113819
78876
109907
167072
401409
226181
158117
389165
281168
82445
104618
282612
287510
264764
148045
383080
342393
207193
161525
302029
376568
231514
152384
176941
230681
177455
173365
97722
446054
371206
149999
167979
242609
334627
243995
297719
260746
285014
406795
204090
243636
222732
295399
194352
397063
293788
393713
308902
390068
128544
155593
401397
215274
234748
330470
343959
517505
118334
339496
309212
185701
72573
416949
163454
117574
281824
294966
28588
59057
34765
53208
29895
29535
32889
30053
39912
29895
61293
4210
33631
38978
39336
52837
24797
41714
13970
37381
29946
16304
24580
10414
26379
36617
20307
44162
40310
27214
29127
16442
44141
37580
43972
52126
44886
54161
13356
16108
43201
24122
35210
40768
41578
29402
26763
23946
8500
45842
274873
272752
178142
218666
244964
139020
264167
132992
292807
111518
274507
168402
446266
316248
266105
109794
204269
411622
393210
203506
303196
305155
74839
133130
339510
159590
67920
217833
174267
275649
83838
77791
469452
121764
106487
215026
275911
228792
272862
84605
429685
202658
326755
200361
175678
430535
174212
387154
170663
446703
26569
40899
42488
14325
23229
37427
49800
58957
30228
45681
34307
32751
34951
38207
23695
22664
36982
65466
34841
17336
57403
8954
29172
34215
47377
29701
39905
44264
38400
47316
34654
39696
46274
35694
23020
45881
26695
52382
28238
21288
32585
60716
30370
55037
18799
40659
27670
39332
31075
53425
203375
109582
422596
203548
73050
297605
207566
183782
224878
272853
374748
279775
227099
88627
231679
297594
424964
93722
99092
390570
221149
72313
340923
132160
176216
156774
447955
431251
237654
487977
133360
94437
186647
390015
131386
249775
283612
213551
220960
487604
452080
258908
80301
283345
168323
236231
239805
277066
145353
317305
49134
32060
45675
25802
45269
59583
33937
8193
40198
48257
44801
54328
34308
31744
33193
8539
50371
50853
36672
49809
19354
33442
23789
34097
51865
20676
44835
34005
32012
13901
48057
20819
40207
19377
12809
32048
42430
39198
52805
35166
19126
53992
27984
52044
41659
5780
28047
21844
39275
26560
233289
312135
99168
82940
150289
173786
258854
464727
131037
125055
261505
112844
383235
203538
118426
443276
92021
159686
230487
83583
189069
181456
406678
399814
217737
336391
380646
313293
200832
176657
88571
143607
201883
208701
473777
109260
231359
381220
93442
210502
149764
273976
324457
178769
489126
195502
444188
172468
436039
272487
19228
39291
26193
25420
33862
34238
33760
28019
48562
42048
14020
36408
20452
42974
38967
20535
12138
30295
63502
27491
12711
16456
47687
23283
40818
34208
39813
42493
18703
6680
29180
52117
34242
2223
20276
19599
39234
8374
42739
28833
46143
35360
52179
44029
26750
53725
1320
42196
38139
25918
261041
309197
425193
394226
295528
223739
155064
150069
517715
195370
86829
337913
231163
126444
177377
283065
267827
382796
236990
243673
213349
208422
322280
285864
283428
345470
379969
147976
141581
283689
200373
301596
67650
92413
155319
308845
341248
257540
340438
195366
326274
171183
181636
353008
214799
144585
240317
261233
366148
389957
204859
268308
356416
309032
112820
170689
140441
346034
260910
233488
198135
275475
105138
130945
319921
108212
207660
252708
261406
183401
86336
101515
161699
238636
242207
343856
126102
188429
440873
338092
279852
268932
203419
283695
181705
175168
263766
360817
280454
132669
278232
337533
164184
320292
339069
104106
422279
205808
411548
451731
462486
480817
472731
207433
205989
151213
191906
281607
472210
153616
208876
393140
184153
215078
130614
430951
296627
250209
128226
334423
194355
264096
259900
420587
177363
246507
319662
258039
352940
374058
368033
248955
374458
75325
149884
431837
373062
133559
117225
158491
311852
94158
148800
260844
112985
411072
284943
356723
406296
106853
268744
218736
164821
430284
336247
82750
226437
203588
77922
261090
512758
181623
190557
231898
376433
168312
143039
302245
209853
75428
421674
93965
101070
328948
114468
170577
185564
237940
73071
272611
79622
283728
518115
86979
283508
286570
116263
196491
160608
202091
267348
298132
95638
260727
359195
216353
315037
381421
120184
150826
65907
65735
65684
65559
65781
65851
65663
65818
65602
65689
66008
65647
65566
65722
65697
65598
65593
65731
66055
65770
65542
65882
65653
65841
65542
65615
65685
65923
66027
65732
65661
65956
66100
65627
65995
65746
65672
65619
66064
65762
66048
65634
65618
65583
65550
65716
65595
65729
65641
65776
279896
155976
158330
477797
93922
211934
304928
289978
300288
454090
249733
149448
351351
254352
113215
336913
204146
398520
274132
376038
171808
108003
389583
286496
90385
250873
294436
250212
168016
144319
495646
315723
106747
115168
190112
90175
143118
302829
90902
160376
86164
217847
177134
157301
422564
227038
279441
92362
163955
182367
418386
210585
175857
175090
113559
259750
325887
149284
126566
205884
128772
247540
180500
112193
202180
143854
180042
104425
351716
144374
203375
232130
295861
461933
122336
124250
111532
428586
143180
380836
68227
172262
191005
184889
286496
255873
206664
201285
245469
174886
224140
216337
241461
141920
76629
312979
240427
182105
87815
172071
269696
90137
241671
88633
81621
122088
135365
321146
259417
263664
101465
221669
170556
163620
449962
243933
140560
135898
70550
223770
83001
334395
370006
196610
225483
304234
158106
191906
394192
154736
398925
316818
146305
159817
311405
140025
80703
149004
416563
307344
480801
127054
327947
352920
95352
145276
495897
298748
150620
137241
66113
66088
65749
65569
65992
65575
65687
65609
65764
65753
65800
65615
65711
65701
66049
65707
65999
65694
65645
65644
65695
65690
65901
65613
65785
66028
65731
65787
65599
65574
65961
65553
65638
66142
65668
65729
66007
65651
65829
65563
65894
65536
65774
65638
65570
65763
65766
65827
65659
65807
287826
139034
216443
307575
135594
425297
352557
223799
137719
368972
300031
253358
166495
281886
492868
326752
248761
351237
332587
235569
166574
382405
404848
226480
258794
120356
433090
354366
428302
408343
95921
475613
151266
153287
521215
270743
405777
196306
262674
359918
313210
293320
120783
177531
242118
190266
516145
165931
308469
255472
38674
22324
3090
17969
22756
51140
20420
35999
9761
50759
28404
50822
26913
50491
23405
39016
26976
12489
17767
44344
46578
33525
36583
56526
27305
41780
27273
5664
36150
23323
53204
49809
46343
32299
30371
48339
54545
25901
9519
6531
5908
61016
30078
36775
28969
59225
37847
50050
28156
23026
35251
11666
41182
49148
26711
11293
25237
10912
24866
50577
23723
41348
2565
30464
18444
5138
46695
15647
25131
33604
39939
26003
40594
15985
15176
1850
26715
51716
39780
54432
33322
33887
57282
50034
37535
45037
5238
33288
13243
33135
27228
40183
24726
21890
26422
44956
52975
11495
31457
33968
182860
126679
272985
75929
81241
238848
298784
79270
196054
209612
440850
172008
191238
316824
449247
185983
497634
117927
291919
249595
453392
220678
150754
87974
177380
248986
277757
381603
326858
331881
257359
293985
234598
272186
141702
147090
226719
241586
215741
388253
245909
407985
383998
275260
189480
94416
302546
241771
349521
227251
235612
364245
150039
194037
393697
236491
230235
128072
245676
278675
315912
311044
213841
322322
129833
106705
264790
415558
461466
139272
277559
329368
285577
137024
86132
209393
190855
249365
170874
252122
164344
396527
273136
221495
90698
117269
332724
81338
149411
183847
215482
207637
199970
150488
314649
99293
136575
225897
492963
189193
199962
126808
306419
184899
370206
282945
317242
245310
278811
187333
380122
407535
201564
249762
169437
102010
435201
289210
286422
226707
166229
468257
165588
161497
97864
240400
128461
136067
229804
423364
361738
335952
111671
502839
483122
393032
99223
205724
437384
248089
397978
197264
386318
319478
199969
217325
260420
268523
86992
124061
65701
65671
65773
65703
65571
65640
65758
65587
65573
66002
65739
66111
65897
65955
65651
65716
65996
65861
65663
65634
66244
65952
65573
65760
65747
65657
65673
65767
65696
66152
65599
65812
65675
65602
65583
65743
65713
65566
65662
65737
65662
65798
66041
65927
65813
65699
65655
65544
65636
65830
65744
65990
65809
65740
65816
65748
65784
65884
65613
65947
65587
66010
66082
65948
65856
65821
65561
65722
65899
65721
65665
65562
65899
65723
65828
65642
65565
65561
66005
65585
66229
65732
65787
65548
65682
66004
65729
65864
65835
65993
65584
65635
65644
65543
65600
65554
65785
65617
65772
66028
65712
65561
65828
65544
65619
65609
65716
65647
65724
65537
65621
65663
65651
65647
65580
65549
65698
65558
66051
65644
65641
65670
65795
65577
65719
65567
66157
65906
65573
65544
65829
65681
65954
65729
65599
65844
65769
65714
66129
65778
65621
65565
65868
65543
65953
65577
65613
65561
65537
65571
254468
176088
278565
80240
354627
365740
236930
284569
139568
240537
112372
444000
135903
224300
274757
98321
246846
392410
168262
160756
469333
272473
420584
117875
106615
282136
224255
96228
495907
366374
232035
169971
88685
171223
243954
285869
288831
409375
430550
160042
85951
348964
476874
397259
363274
249427
213629
436514
255662
328553
208915
130247
274611
395954
150845
397388
150818
235728
523149
228279
178887
156999
105126
374271
268315
219376
243334
159369
255552
323777
259251
161644
79406
104817
375523
399843
289494
494362
271956
395177
201211
208389
160598
419321
250631
91744
176174
382743
268726
428645
395248
133328
209617
265797
126179
259096
72330
120955
344881
401901
95370
356258
225263
88603
289373
165274
129562
441122
86673
324960
232837
140557
190785
365398
130902
123006
170936
171424
260208
169165
173601
459731
374124
278623
299640
227110
89053
356579
106584
123803
521018
367556
210275
75364
496948
122980
310678
169937
94097
84513
304785
270441
151927
118752
154474
459278
160631
206148
163988
124580
93164
386090
256048
273828
286303
461835
305480
268032
204641
252321
270039
350225
139331
300236
313544
208510
195847
316671
120237
201127
225559
199504
258297
279825
105896
87213
243575
182970
157780
202352
92063
274282
288274
73749
147170
287578
330053
174490
172668
460414
356768
311037
113758
189846
364435
415981
404733
78077
158792
331720
65830
65779
65651
65766
65682
65903
65655
65952
65638
66011
65675
65726
65974
65732
65587
65653
65734
65848
65552
65613
65781
65775
65594
65708
65969
65650
65575
65785
65583
65626
65597
65602
65624
65617
65806
65703
65586
65580
65867
65744
65903
65663
65892
65694
65606
65542
65795
65621
65726
65621
164324
258265
153730
445250
82465
105030
284951
95378
275236
307007
137677
222099
276693
243581
332902
127609
150121
285313
146317
367732
171221
479156
240178
523951
248681
384895
262750
139098
113758
300534
270612
110256
320864
178403
237198
196713
119851
402300
248684
413538
182537
208196
321805
319124
180606
94763
202243
226778
242024
168047
378274
252469
254806
318062
297809
447714
377976
280897
186857
197829
339115
425574
181528
175230
247297
136640
228685
124901
241155
68109
192583
229845
361906
215080
145357
400307
148713
102240
506932
323683
112314
275520
122978
285794
443528
394274
317244
80681
278413
232577
286034
306444
465977
87500
369394
397196
384391
184902
168983
524047
273682
456222
237501
96513
324053
247222
502200
190836
368901
177895
443824
391709
87894
410300
415852
395368
97581
79820
419300
100451
211661
435736
433373
217614
224460
216374
172739
325204
375309
199108
99137
284981
283420
125417
261519
90603
227266
290407
194151
430880
348942
297997
429957
170797
431489
440575
246712
196132
123183
93331
247661
181999
171262
235939
326604
170468
185115
165827
271618
178169
137356
147173
121681
193205
169473
214401
190223
377898
133521
146364
336567
422586
383014
195293
261699
142679
153565
237300
346366
132113
323159
387026
237142
364871
370224
278906
157335
310138
170756
226517
206419
220113
77062
134268
199632
99523
192907
450238
460818
231438
346
298
571
66
400
233
341
145
158
131
308
156
367
462
481
70
241
389
501
405
293
2
467
142
188
311
591
312
486
317
327
385
370
25
801
166
472
193
444
364
283
224
815
234
158
369
369
346
619
549
227773
109712
468920
143893
437461
98942
322826
130860
170509
152565
207597
77453
163381
189737
306461
318280
430857
289415
133263
504660
179202
232484
427290
347467
70247
275093
124655
522180
166284
94692
399927
363025
126739
288734
204214
214047
437895
254284
344719
392792
440666
366657
259092
327477
360762
275835
90981
304782
433719
160285
65681
65782
65630
65666
65989
65581
65616
66064
65632
65695
65902
65618
65540
65616
65663
65811
65603
65844
65689
65607
65602
65891
65701
65536
65767
65700
65649
65681
65538
65582
65876
65768
65599
65612
65792
65625
65774
65719
65654
65539
65711
65616
65611
65802
65610
65550
66056
65811
65643
65801
25358
8552
26653
45959
20860
37901
22074
25254
38451
31915
10635
37643
44020
33650
39865
24376
20166
11955
35187
31594
18098
42660
7970
35832
32114
18093
42696
40071
18396
40988
55704
20279
36328
10915
31775
12211
50872
35937
42661
15988
20074
15715
37485
37081
45079
27152
7421
33242
41762
38003
32523
50480
38250
34372
46468
43152
5170
33351
35131
5367
40543
11794
42393
58594
42218
16854
37787
51103
44576
31395
40472
41698
29467
39501
53984
1727
48181
46014
32373
41137
49205
31758
38568
40778
18590
18683
46134
37711
42941
30687
49702
35488
35728
18669
28663
41548
44612
16026
22005
29498
55044
40713
54119
48098
16530
44291
19284
47222
41641
38019
45564
13097
34416
23569
56566
52474
50548
28353
47755
5098
38078
38607
14996
37990
28209
29529
30770
36075
28718
56631
19362
31478
44388
57931
40594
34638
38466
44571
26689
31273
18078
38805
26637
53292
12324
29881
1933
8138
24731
47418
38880
49896
53801
38109
26257
39166
29128
16896
31856
43630
37536
56943
37696
36941
43577
29981
27755
11109
19726
47905
35656
36708
29180
27921
36488
34138
37431
26877
20939
41550
49171
35521
36629
8293
37560
45225
36487
30092
28371
54745
15220
20731
41457
14014
30213
25467
14506
23918
24386
40469
189267
214180
307984
134080
485737
228749
230606
205589
244627
302469
336836
79359
94533
314374
383703
256672
223141
148356
249822
298622
223068
233737
394523
138870
454809
239534
134976
201345
508696
235922
443446
231236
117303
205358
390004
359696
245986
326427
273130
230563
138838
214164
203178
365399
85720
126874
483196
220657
324925
216703
420622
315478
333120
111662
87219
363527
81689
175531
256750
216158
134633
67627
377413
151989
215391
214335
248010
178762
126054
313046
207405
89562
501314
115951
387771
148939
337907
322439
85946
274741
220238
195775
471947
234599
150333
207610
372212
479060
370003
253758
188112
204526
151690
216360
77381
332712
385033
353256
444649
336853
205743
304509
232980
345858
362903
168040
457599
461552
133507
103211
143805
443545
125481
216835
236976
153321
186886
375304
180413
220699
139209
261960
138069
384268
94160
283628
183094
247710
338930
79390
122584
162624
111296
304944
489009
507318
117448
96508
257942
249481
482113
173907
303457
203928
392062
288225
301570
260288
69346
427551
34160
47136
11290
28937
25483
37649
43804
49614
27897
33185
28719
25896
50500
48671
53725
13152
3810
55323
12095
39561
25630
49893
24208
37780
10981
39732
29151
59164
16512
23938
53210
34071
8403
32363
57669
20701
22397
34165
47490
46904
27757
3385
25298
17777
32857
27583
37054
25531
31357
24147
22297
18505
42309
35566
33135
21896
30185
29210
31747
27991
10467
36559
39505
29905
31519
58968
28994
20684
55661
48201
36905
46197
19734
54573
52404
49750
7445
20115
29959
56114
34172
33354
60212
20972
20768
29061
32872
21385
50192
61128
49441
11406
55019
19898
37437
32478
25400
32791
37170
8019
45788
42701
34744
43449
32926
26001
28569
18312
11705
28226
12999
56511
4968
13998
58292
29985
38490
29797
38536
38600
30356
19299
22087
27890
40271
26372
39418
30514
27998
53073
58281
29785
24389
52091
16026
33652
36706
26722
40276
23797
48361
49965
37687
36304
38991
36091
49502
37959
30086
19620
36257
35924
22035
24465
54167
32019
40820
18310
32296
31878
27103
56484
10582
13383
29438
36662
19188
6376
50240
22455
24529
37349
25634
23916
26134
51762
14121
19572
8663
26366
40174
40111
46356
43868
39363
45449
22541
38448
23845
6257
51467
28777
41373
26441
31390
37637
27180
40608
19018
56035
221961
152541
87344
504682
391393
311375
341102
519637
241733
235908
259974
335516
210528
403078
329797
454172
138019
379164
219791
116869
132825
157778
418484
208348
227166
245113
223651
235872
184458
266351
201887
195209
261396
341502
245846
118387
161017
120209
301909
173911
252433
412466
231008
83368
254782
331411
413642
178727
208577
79621
337400
142396
200048
523586
407102
205264
389194
465189
196526
164892
232243
438651
165417
96016
210236
343158
184248
185599
296196
130183
237286
103572
367739
159941
310854
332515
87094
280771
281398
250922
209298
249304
399403
129039
215940
518552
319232
296180
300326
513556
260893
186342
74566
132101
386793
220222
225735
316471
297151
164257
341105
143227
303659
174411
201791
236045
330403
273451
232721
417055
217931
399820
100726
260299
161063
243706
492237
71678
148144
79461
162463
252660
228817
69142
142781
192895
205239
259403
334761
167483
385774
119836
287836
107068
466258
485062
221578
467090
388517
454751
371548
283629
105555
104341
341712
394943
351875
409572
207877
167646
19464
26330
63525
25129
50149
35048
45807
14613
45286
40029
8303
29346
33380
39333
34174
21555
20877
29209
43769
63616
54224
34588
29369
19880
21895
9041
19759
48107
20355
49394
35861
9198
15227
37942
10618
35434
27734
31190
40491
55319
43009
31934
48228
30882
12198
34968
16861
35751
38573
43693
230790
299017
252556
235326
327494
334237
375053
142465
288571
365420
376758
125364
203102
81921
177796
456979
68448
162380
304881
173018
127196
189319
160972
198434
169928
304386
125759
282851
315223
370577
464173
190143
222240
283045
231941
302202
84999
349370
76033
511140
104623
144029
434855
79557
88260
194945
237090
155882
218087
419833
150316
252253
274736
461320
403924
523795
173158
245349
304305
158963
226220
175830
432627
379701
330275
267146
138391
432244
395832
199920
449529
239536
263217
212370
198751
199482
136493
328722
80560
297995
291806
70621
276593
363511
392711
184233
111361
180236
169638
129304
278343
197810
93731
131899
446107
274671
159897
200975
193735
275473
160113
318186
219411
324391
360785
117978
224471
129083
515749
233707
329983
81403
308426
130169
356465
163423
262702
282347
288772
287757
160687
174660
353596
249460
182574
71746
170478
119495
210153
425814
266814
355984
314298
162007
241527
226735
203469
413697
69349
178462
359150
345522
395431
220508
174421
153873
365597
128807
321044
392574
31027
10928
20950
14511
38668
24695
26956
40720
22713
52652
38121
30011
42879
4890
56063
45139
34941
22718
10436
32861
17194
41442
43298
14081
8339
5661
10370
18845
54058
29831
24228
59822
54974
24675
18822
30036
52194
32919
45045
16695
49163
12103
39601
31180
16519
43152
43482
41168
31711
25902
32671
30089
14998
4232
28534
2402
38616
25945
34835
41059
25679
42107
48688
57339
23908
36410
49677
23261
49962
14173
36454
34982
26854
54665
51579
32567
21632
29442
18214
44222
59861
13755
13939
63629
50044
30653
31331
38752
48449
50940
46342
28970
44669
44617
41910
29793
8152
28372
44636
36631
180167
399983
245153
202120
327603
389038
375822
130492
183889
271589
451631
161960
204618
186583
130309
309441
131371
162987
157924
140981
276010
169463
224349
84858
225130
148023
153807
297932
224374
387323
202800
301281
249752
213306
403949
288189
482369
96561
449519
78511
159527
286627
386872
247644
174129
137048
215243
164999
225245
250468
19749
19527
17930
33150
26458
30604
40015
43765
50474
23518
8314
52724
30171
50934
23957
29063
49055
51300
34913
26034
18847
34547
36733
35426
16148
27527
41397
15993
23469
8506
21287
12475
42183
17755
30926
45260
56579
8031
34459
25020
36084
15538
19594
21950
22490
41778
40412
36133
53484
53321
65565
65538
65699
66055
65539
66038
65569
65867
65573
66150
65537
65794
65583
65658
65919
65767
65567
65641
65602
65660
65562
65741
65614
65592
65966
65628
65732
65763
65637
65566
65711
65606
65599
65968
65542
65705
65637
65541
65697
65588
65585
65689
65843
65794
65539
66039
65952
65629
65594
65888
53326
22722
40283
9390
27218
39353
42992
19723
28995
20080
35606
40760
35574
37949
41210
6510
44590
50912
52611
35933
37322
23890
20229
27106
21199
14116
11694
41160
33619
21179
10856
41610
40272
23793
42434
28616
32292
18784
11121
28050
18277
49249
26293
12481
59493
30084
48320
13196
49550
31066
150748
162465
266185
323568
216429
193202
177591
212817
499805
257782
123106
114499
411556
460465
476409
85635
173976
360935
288851
190975
198384
209191
227657
137593
151118
97356
205544
434131
323502
397287
194972
307272
167747
72383
224527
202768
293341
294072
103173
207764
430377
496481
222597
295077
259267
288969
226658
407365
403625
203433
410
215
577
522
569
268
600
193
347
251
128
396
700
379
107
76
576
463
602
934
231
152
416
534
523
643
250
291
787
118
632
232
355
506
624
328
201
403
232
470
440
145
147
314
607
245
738
496
396
253
30731
6949
26257
23610
38755
26341
23830
22735
59060
52416
40185
11143
24865
20978
13678
50806
29456
23880
59349
44289
49624
51001
27616
20550
29969
37191
31695
51366
24448
30725
53520
26142
54911
28450
32149
18489
50273
29171
43864
53843
35716
30263
7532
20192
30567
7729
32743
40972
37782
25726
444283
242538
432687
105992
211155
223779
76340
174941
120256
115334
240913
193014
432439
209467
157565
262129
242874
345444
349241
421958
278827
79417
365147
220236
455877
178818
134648
135711
276114
99087
79352
371415
300305
346096
434485
225953
522837
150858
228923
158616
218429
155309
194991
225565
287467
208111
218301
252418
257158
263630
51460
36723
19450
12019
39259
43428
25393
26161
5366
6432
12006
32197
32267
24957
24622
4502
21695
25853
30290
40403
45784
36074
64715
62853
29956
40722
22989
23210
19156
26694
18600
21253
39439
48577
38554
8723
25112
8318
21850
60013
56289
36440
22857
42431
11603
51318
53936
21460
44636
15778
22530
38174
44973
4936
4433
37265
55674
19130
40404
38860
24777
41383
16459
43897
59694
32001
37468
36862
17088
45894
22217
38322
54278
46080
29108
53293
43643
47101
24249
40437
24861
38972
46694
20001
45186
2358
58633
10624
50471
31959
36577
32295
18309
44832
47729
28006
39326
46558
56870
35860
619
62
440
776
276
546
298
495
441
541
276
394
698
432
365
583
265
765
490
224
375
408
452
448
437
342
417
513
669
699
208
54
129
151
542
390
323
59
127
39
482
156
278
395
291
371
791
497
581
257
14962
34377
29505
17922
46121
48637
56594
46032
48258
26863
11086
42040
25572
38459
25269
52518
53143
43986
22253
11512
33616
61742
43861
64300
27176
2424
25432
32883
23807
34333
39299
16004
53656
12536
22597
22586
54358
40987
33480
29785
52078
61133
38587
56223
38465
62601
33619
13670
50659
49613
13025
8073
30966
54350
31175
24120
36155
15111
25259
27541
29925
38287
29539
55699
53062
47455
34311
18007
46176
29927
46801
15867
49666
12811
34215
29012
40196
38331
17728
54798
32839
36142
47071
29332
46171
51059
28280
31875
27580
52003
45435
22252
63257
10515
50627
36143
41679
54434
38291
37655
404564
227468
237064
225709
327517
391585
161192
351008
334934
98669
115979
127703
76343
137035
238969
176955
212265
136494
387872
150118
382066
138360
82388
329475
212967
78017
196285
216141
267374
96082
249140
150546
163269
136424
247679
285400
278591
87533
285127
197258
146147
279473
258192
117332
401410
171860
140667
205351
132816
159289
381110
386458
310407
80961
80633
281043
278760
486078
274850
164325
166859
118899
443145
155964
293769
244960
156189
278314
276511
353161
152390
386584
116941
212045
254178
138767
394085
392073
282742
418939
210646
184119
465020
195685
112889
217088
102027
90785
390210
337610
380656
307519
174126
338440
280389
361595
374558
320971
273018
132600
202439
153368
118290
227667
166295
162879
150540
398369
439749
155767
240909
243406
134419
227290
289065
261013
186667
496521
290200
274799
343865
238666
109142
329091
404980
251758
138111
191100
281703
123459
203418
164480
170159
339856
260411
217090
457762
113631
281951
224665
119412
206097
228655
309726
210829
516739
318676
129403
236142
177276
24001
28891
37948
33998
64973
30889
12212
40557
42587
44210
25697
48115
7796
33239
21542
28955
27357
14266
34815
45084
30231
55667
31860
52555
56429
43474
32843
41499
45536
48626
46116
33197
49241
33507
37325
22181
11838
38800
24186
24551
32777
34730
15814
40801
48071
46693
54049
12422
35054
35500
65640
65621
65939
65546
65696
65790
65874
65685
65913
65760
65560
65698
65910
65742
65642
65648
66050
65693
65717
65830
66128
65543
65747
65561
65609
65587
65615
65910
65717
65650
65694
65596
65576
65812
65600
65648
65961
65796
65567
65545
65687
65951
66048
65571
65590
65677
65762
65945
65874
65644
219026
341520
146090
181557
103105
211681
191353
203953
204562
182693
238831
215483
213275
122677
106306
243368
454317
156539
218307
186151
358608
152543
196403
417415
399352
176214
215763
228211
174063
319760
435975
197435
88311
214900
113523
308676
472817
116077
358852
262938
101215
324550
409459
175309
183056
319611
132068
130345
350959
241634
38504
42814
61621
32282
9973
27250
18964
42698
28898
18943
61874
5089
21874
55724
36566
40033
53455
36871
42708
49140
40364
37743
28310
34641
50762
34096
30246
60495
29092
42682
18831
18764
36200
30313
33862
35312
17903
37447
31034
54966
31776
32861
33616
36793
40107
44338
31467
40791
21700
46181
510619
225368
197142
400334
402551
203409
265770
133260
410306
317776
273530
311507
277630
118215
364790
210671
283323
243241
181434
243327
154975
184895
263848
102156
168063
91256
274495
183666
228259
124072
188414
463189
153518
373469
126996
119809
458220
467169
342833
213571
208356
155140
339893
270639
278291
448531
203996
320445
405154
114071
275509
473317
263448
484730
138245
252735
259550
379654
344730
384376
168919
124391
314077
376483
396631
154386
81130
138048
404012
164544
309326
161987
273820
265346
135586
149468
89891
206508
130666
446471
370596
237122
188987
267910
232906
106153
442113
387722
389733
522849
131056
395652
131616
136536
398758
283457
319435
461195
365520
105751
187884
237194
131540
118338
210255
207147
171534
149378
90040
101316
232502
239834
81496
407018
249120
475582
193631
308580
232850
327520
127194
493495
264368
177097
108643
347457
513957
365884
242320
353898
186991
140033
127787
449140
394225
111608
318659
108799
184485
301443
341772
218007
236375
300366
393742
242625
285836
404467
288812
171520
60438
55706
26225
18023
12454
41020
10546
47359
48136
22856
49425
24450
18065
17802
49991
14863
49088
38193
22193
39072
41047
29516
32737
27517
26165
30524
51926
21069
27497
27455
25680
50817
40268
36500
51228
45937
7649
21211
29716
24114
43515
26407
22424
19384
25221
29239
4365
44857
21416
21091
10565
19405
20029
52154
40943
40346
49164
54190
40265
39889
49924
47078
41163
36711
29324
35535
49773
29473
30654
21569
41607
47017
18853
19248
34043
57870
45511
9543
52967
34486
38959
56920
30018
26937
38051
33452
57719
54096
37458
27134
61502
42665
13663
44536
22953
45138
21367
16003
51349
45161
65832
65735
65540
66024
65757
65824
65725
65817
65626
66036
65559
65690
65673
65651
65579
65548
65579
65814
65583
65717
65995
65589
65879
65611
65550
65545
65596
65772
65941
65866
65668
65704
65679
65904
65697
65583
65536
65592
65827
65727
65962
65917
65699
66016
65793
65687
65683
65780
65691
65569
358756
335925
295816
373294
122476
172371
144955
237497
158265
203550
125420
297745
135533
250105
106239
405160
190773
94577
499194
461563
85637
453783
246331
84760
410297
402384
118564
115190
136267
360424
213459
418156
460820
311834
181549
165096
231984
260590
118487
261593
323189
87501
201887
274296
194491
292993
120563
497966
166893
295594
66096
65789
65711
65562
65646
65809
65765
65662
65769
65711
65606
65670
65600
66003
65855
65570
65626
65738
65720
65595
65764
65639
65744
65723
65843
65914
65979
65660
65584
66159
65907
65739
65592
65551
65800
65768
65593
65662
65706
66019
65587
65582
65703
65846
65627
65675
65715
65565
65819
65918
551
603
358
501
662
628
475
482
72
454
293
379
390
507
541
372
556
258
353
539
279
243
326
550
208
470
263
525
263
295
342
375
454
630
337
407
440
225
362
197
386
385
36
455
442
364
412
595
289
148
28631
54212
8806
37099
31828
26950
50374
15907
30684
27560
62369
51980
16586
16406
39443
46552
30860
36758
29619
28335
54928
34478
23835
13257
42239
22568
37324
9226
5108
20208
32377
34347
17480
28123
9873
14315
33844
37980
41311
13884
13864
41470
55370
27913
33061
30438
11090
25871
6015
15816
1729
30966
45436
39497
40119
23411
42437
52901
31665
55663
47006
29946
13808
8915
61300
42737
56780
47548
42730
13867
18348
39634
28864
29280
63016
35938
40178
28363
14999
42750
59535
38863
44077
9696
3135
21481
48850
41380
38612
25245
37464
37868
52774
33693
55148
25675
52423
27791
44143
59891
65589
65640
65563
65537
65594
65615
65627
65677
65603
65759
65849
65609
65752
65667
65821
65855
65787
65558
65983
65655
65792
65720
65587
65759
66068
65588
65676
66112
65641
65738
65632
65752
65787
65944
65946
65654
65581
65569
65722
65839
65950
65930
66031
65956
65537
65634
65625
65750
65868
65706
47759
6226
45805
42184
29448
37012
59452
35808
51759
48250
28155
33080
20197
40400
23083
43933
24118
48566
5481
63177
9811
14624
49159
47881
38019
29820
20189
37936
29922
27831
38804
14276
43411
57252
31180
21590
22059
11702
19828
33369
24188
3595
31983
61676
22671
36109
35920
47604
14071
32367
297119
332422
317614
108110
262809
258841
476999
333405
440807
75178
502121
135936
215492
240286
379248
88261
322888
299423
168079
474619
347130
241966
195505
489608
418855
137303
79539
400179
184662
180558
173944
138589
388033
402336
377524
159519
123756
121519
270015
117945
368488
274780
95335
206227
130108
201192
169659
85860
254273
473629
264093
368178
217663
106547
125106
404543
465485
205055
409376
293337
136865
151912
267549
220522
320585
112902
458910
254283
107135
487632
336317
90596
457360
319982
407946
369393
144667
245233
210737
252219
302452
264443
320477
138725
203496
110151
156939
378816
270289
276573
251155
77053
114625
94914
109540
230494
342592
223625
293892
226108
297470
456406
142759
299244
291392
194503
230540
176983
331897
308861
290897
114238
196726
199220
160872
198332
90175
285841
334449
246888
236714
448158
330877
232422
263667
252365
118024
111236
273285
172131
174889
128251
196126
81260
68381
118897
155142
365417
143475
356706
214551
400841
346191
466991
143379
243628
379957
343929
142661
291665
114272
181146
308444
515046
119493
138223
318532
278756
134486
309961
287594
96094
270545
100252
214360
313690
221811
488948
178246
440448
166312
240985
109230
76025
176618
190741
214618
321552
81664
236658
67928
68057
150004
402991
393609
222950
446846
231848
97431
150660
226356
225588
277388
72046
138945
175836
240549
287066
417915
187613
234700
294872
324074
72294
350525
221340
180714
76086
177781
306233
296246
208078
430437
88003
185883
438357
327135
297642
357342
397269
202919
239986
153096
197359
140648
245608
168765
170889
272607
90162
313998
330451
423033
123283
231800
249828
221326
273007
94536
125343
257834
91764
253071
155764
170435
98825
224330
86571
385311
121239
400671
214417
82292
342743
252838
234973
123881
71103
183341
240011
186492
426341
177241
472478
235601
281420
357293
279429
106163
180311
108587
220717
343824
310770
207869
388920
140160
258421
187223
218526
87415
154151
321158
128607
235058
203245
181290
179748
454829
182656
168920
345776
95888
265774
486027
388449
321140
187552
244886
503201
214072
324844
279225
193840
283409
490239
217920
347106
69958
326867
184467
240855
277847
223847
289906
101399
172085
270282
152079
232100
381598
121083
318737
205106
344370
455981
322815
158577
309513
145296
147019
101496
129310
183185
134522
135203
206330
347471
350679
95903
373291
126544
138632
285340
160248
373880
334843
102984
236760
330083
65939
65615
65762
65926
65649
65860
65676
65652
65608
65639
65575
65642
65643
65548
65828
65538
65645
65827
65813
66054
65550
65890
65557
65650
65599
65734
65987
65756
65808
66034
65671
65845
65603
65818
65816
65834
65570
65728
65600
65569
66170
65548
65617
65735
65797
65641
65675
65554
65642
65578
220060
501029
319411
444530
72769
116189
291074
256076
345000
370314
125790
212481
250916
245319
205909
182934
396218
178495
99781
205532
320690
291165
447746
110044
322849
244533
361774
187637
275521
384980
347660
452743
316356
242399
219293
140150
82376
102338
174234
93487
244128
401693
118869
163084
196113
147216
152535
372168
243549
418765
266445
457558
155082
161779
416797
347650
234159
330173
179003
152083
83468
321670
118469
319748
395708
221447
157971
337120
170038
206079
215562
221715
175196
254947
138252
248528
265335
457970
132855
111843
295765
235656
293792
283632
217965
93154
277673
499470
420458
160330
350210
283328
118715
291925
123633
430816
151003
178648
227836
292116
495
484
444
218
671
694
365
607
399
162
429
112
738
839
385
576
561
378
569
676
252
585
418
426
302
27
742
405
53
134
258
551
684
215
671
661
374
581
482
578
450
346
580
325
355
532
506
285
81
225
414
523
560
364
152
627
467
511
211
597
247
98
339
259
509
439
274
354
411
474
408
525
471
167
313
504
43
515
300
304
257
464
370
583
302
459
35
246
390
225
189
201
400
402
549
413
254
398
166
274
266161
154647
145606
116016
202390
284480
82774
338128
320552
211070
286094
410601
269201
331551
220573
205428
192139
214275
321156
68172
114538
178000
223549
163576
423224
267111
508193
221379
197415
170746
370203
251278
225251
205662
343350
151882
209152
122960
165141
198995
124066
131384
184228
320757
327744
389031
106207
191432
221988
248626
27723
39026
28983
39006
25031
63941
13457
33671
32735
31599
22544
13763
44459
37367
7044
13813
55884
18347
43413
13879
36994
26862
59694
40615
30956
41600
26415
23304
41791
1340
23254
11261
28501
16552
26785
22170
42299
29758
8238
42159
22594
39550
35097
18711
26287
59038
43165
27589
34037
15419
245373
146902
224790
515308
234226
271928
255906
100001
78420
449681
153267
160703
286523
433633
196798
297789
170766
369782
319169
213964
271760
172072
183985
361276
205750
106282
408897
128853
330937
407261
198066
136087
261502
229247
256961
344236
345284
142797
111200
115335
382519
121438
421730
357585
154384
424219
241570
140137
159002
134736
355452
346474
89012
254999
189364
364972
264541
287362
177713
173866
381545
335970
405616
291440
184655
299243
379420
365041
365530
111390
101300
178210
83654
221834
343618
419451
109328
332874
379803
95621
192883
236847
254502
470138
156966
522229
116497
81528
370069
292376
183424
402237
212106
87471
323561
434374
274992
365405
388142
160612
65674
66042
65627
65701
65633
65742
65678
65775
65866
65895
65552
65974
65687
65927
65933
65598
66041
65939
65747
65942
65635
65747
66046
65788
65721
65755
65752
65662
65724
65633
65755
65583
65559
66078
65686
65710
65640
66041
65713
66228
65622
65568
65566
65663
65593
65565
65603
65685
65575
65668
